1.54
5.54
2.46
0.34
2.46
9.25
7.73
5.04
344.23
1.68
3.62
1.98
1.05
8.82
193.74
3.25
0.07
23.18
5.95
7.44
9.95
6.68
4.5
7.15
5.32
4.09
69.89
2.34
1.89
2.47
6.88
188.2
83.48
92.82
4.22
1.44
3.33
6.14
0.22
3.14
2.73
7.56
1.31
8.6
9.21
3.94
4.02
6.9
9.54
0.44
1.2
1.79
49.64
4.47
1.16
82.04
9.81
365
8.28
4.9
2.74
2.56
7.96
44.79
3.99
7.89
8.21
0.72
9.63
159.67
2.12
7.85
8.88
7.11
235.37
3.95
1.46
4.23
3.43
3.9
2.28
9.12
9.82
305.57
4.17
5.1
6.07
6.02
8.24
286.61
1.09
4.29
4.57
5.79
5.46
1.84
3.65
7.39
5.77
7.28
3.18
234.91
8.77
9.95
7.13
3.88
7.22
1.86
1.12
4.82
3.58
0.25
6.46
0.9
8
4.68
84.29
9.16
1.81
6.08
7.73
1.02
7.04
4.07
0.86
4.67
4.29
57.84
1.44
8.17
128.91
2.3
0.96
7.35
8.42
5.62
8.62
69.58
8.89
1.68
4.03
5.34
35.56
2.17
441.5
8.97
9.67
3.29
4.99
0.36
4.03
5.46
4.87
8.84
1.22
7.59
7.54
3.84
16.78
4.59
24.42
3.58
7.37
7.45
2.64
6.82
2.05
8.96
1.34
4.91
9.95
7.21
9.73
0.92
106.95
8.79
6.97
0.14
2.52
8.62
7.78
8.35
7.59
8.93
5.91
2.48
4.77
0.52
440.61
16.23
23.75
5.16
3.31
399.77
6.46
6.56
17.79
1.83
3.4
9.43
89.42
0.04
2.7
4.71
9.44
4.69
9.84
8.8
5.17
4.63
3.56
10
3.67
9.56
5.95
4.33
5.26
10
9.07
6.27
1.19
123.87
4.99
4.61
9.9
8.33
3.91
2.87
6.17
8.68
67.92
3.41
9.46
3.48
2.68
1.18
7.79
2.34
4.21
0.18
5.87
8.75
3.58
7.38
5.51
8.27
9.63
7.32
0.11
9.33
4.2
0.77
8.19
167.71
7.28
5.8
1.07
7.65
8.63
0.92
5.5
4.64
9.41
4.99
1.74
8.01
5.58
5.35
0.3
1.64
1.16
0.87
0.13
9.58
6.45
0.48
1.74
15.88
18.97
1.27
8.1
7.02
8.27
0.46
5.74
7.31
2.96
8.05
5.3
9.84
2.9
6.16
9.12
365.55
78.46
335.3
2.56
3.69
30.22
1.04
161.15
6.11
0.68
0.73
3.16
3.94
2.99
4.23
9.94
8.04
7.41
9.76
7.05
6.5
8.86
3.75
37.85
0.09
3.85
23.77
5.11
38.63
184.35
54.68
6.45
7.6
1.85
4.85
6.32
9.41
5.11
502.42
81.03
9.32
5.27
7.37
6.1
4.5
5.05
7.04
2.68
3
7.3
9.19
2.54
0.5
6.88
3.73
1.35
2.22
1.22
5.82
5.12
7.03
9.78
8.08
2.35
7.83
4.08
270.15
0.49
8.09
50.93
1.03
2.56
5.76
5.6
1.13
3.79
6.14
19.91
0.1
4.78
2.73
1.53
2.74
7.03
2.77
8.82
8.63
1.34
8.04
1.43
9.51
6.32
5.99
2.04
4.48
0.72
125.87
6.79
3.45
6.43
1.69
8.97
9.98
1.33
7.04
7.51
0.5
1.84
9.21
0.71
9.89
5.43
2.54
7.03
7.77
3.77
6.63
2.04
7.47
11.96
9.57
9.94
6.07
9.28
6.24
6.5
348.49
104.02
6.67
6.71
1.31
9.8
3.05
6.28
1.27
9.37
6.75
8.27
8.51
7.6
5.44
8.91
6.62
282.53
3.08
6.66
3.53
9.25
2.91
3.87
4.43
6.56
1.91
196.85
8.89
8.19
1.8
4.65
6.11
7.61
3.94
29.04
7.64
9.27
0.54
5.63
5.91
1.68
7.57
2.37
4.95
0.99
3.69
0.94
8.99
8.67
4.14
7.46
2.33
2.93
4.05
4.02
8.92
3.28
0.79
5.26
80.26
1.56
6.18
1.5
6.75
1.96
0.54
28.71
9.03
5.15
7.09
1.09
0.95
6.82
4.17
3.57
1.46
1.07
7.21
5.04
1.06
3.15
3
282.78
5.31
1.29
18.23
421.83
0.84
1.96
1.72
1.21
3.56
7.3
5.68
9
3.23
103.18
5.92
337.93
1.67
7.54
9.33
2.82
4.37
7.68
5.48
5.46
57.75
9.23
7.78
0.13
19.26
7.65
7.19
7.69
8.98
0.8
6.64
2.16
6.79
6.33
7.97
3.93
3.53
6.05
1.39
5.31
9.69
3.48
6.62
5.4
2.51
4.18
7.51
0.17
2.54
303.66
1.65
6.63
5.34
8.91
175.56
96.94
5.98
1.11
2.75
54.32
0.45
6.33
5.27
8.91
6.16
9.96
4.33
173.79
2.94
8.16
2.68
4.59
300.17
29.97
132.89
9.68
9.09
218.3
5.57
2.69
3.28
9.6
8.52
7.61
134.05
1.55
1.01
4.31
2.11
6.88
2.64
7.95
8.73
1.96
7.9
0.59
72.93
9.82
100.54
8.05
1.5
3.03
4.01
1.86
1.34
2.67
2.31
3.09
202.59
111.75
8.45
3.3
8.55
4.44
2.97
5.76
2.16
1.4
1.64
56.82
3.63
0.96
60.44
8.18
2.15
6.92
8.83
0.55
3.23
114.88
9
6.17
5.63
0.84
3.13
9.99
0.68
3.4
4.88
1.9
4.93
8.18
7.63
1.74
0.49
7.2
9.71
9.48
9.84
1.44
7.18
46.45
8.28
5.23
5.38
39.04
5.51
9.44
8.52
3.99
7.66
2.73
1.07
175.89
37.38
8.51
1.1
2.4
5.59
5.15
436.8
107.33
1.75
1.52
8.25
4.42
9.21
196.33
8.07
6.48
2.28
5.19
2.8
3.21
136.86
9.69
468.67
4.48
85.99
0.75
99.66
4.43
4.77
0.79
3.96
0.49
465.4
0.91
6.69
200.82
7.94
8.03
5.92
6.36
0.93
31.93
6.36
339.6
1.93
5.69
4.98
6.71
200
7.67
2.03
344.61
1.22
0.64
5.58
3.2
53.04
21.45
5.95
8.52
6.6
4.47
3.14
6.16
0.03
1.29
8.85
216.56
3.94
3.41
0.96
7.1
9.03
7.63
2.49
4.17
6.94
9.54
0.97
8.88
212.98
4.39
3.74
2.99
8
7.39
3.54
6.73
6.02
1.64
8.61
4.96
6.76
9.31
6.89
9.31
6.49
5.47
0.14
6.07
1.07
6.59
4.51
6.95
3.39
7.39
7.07
336.2
9.08
6.85
54.75
3.6
2.4
121.66
0.43
4.52
4.9
9.93
8.03
6.62
27.92
6.12
13.79
121.68
3.19
3.99
8.5
6.6
79.77
396.83
8.66
9.77
5.01
8.6
36
25.46
2.37
9.89
6.53
33.75
2.43
3.64
7.17
3.95
4.25
6.13
9.48
2.76
119.71
196.3
5.23
5.14
1.34
3.08
2.48
5.94
1.69
9.76
1.19
7.02
16.36
9.95
1.03
4.33
305
92.84
448.9
2.22
11.56
135.65
2.47
7.2
0.53
6.29
4.87
2.73
10
4.31
8.41
4.05
239.22
2.83
3.8
79.08
5.81
19.4
1.06
4.17
9.37
7.98
8.97
1.26
3.94
9.01
8.4
5.31
482.1
4.62
4.4
2.81
392.74
9.64
8.2
5.21
5.66
5.55
4.24
8.23
6.63
75.59
6.76
4.06
281.69
8.49
5.12
89.39
1.95
185.71
178.85
9.12
1.65
5.67
0.42
6.99
338.73
1.05
7.06
7.72
68
156.33
7.45
8.27
5
9.86
8.89
2.56
4.32
0.94
1.87
56.89
0.77
68.49
3.03
3.88
44.8
4.11
6.24
3.02
1.4
0.15
2.19
450.16
3.82
2.78
0.98
67.75
0.6
4.53
5.7
0.62
8.13
6.34
17.26
2.14
2.84
1.29
1.92
7.23
6.73
7.55
58.92
7.43
1.41
3.21
8.26
2.63
3.98
2.83
5.96
4.84
110.45
4.57
1.86
6.06
439.8
3.93
8.4
6.97
9.04
0.5
9.95
1.15
1.92
5.28
8.08
4.82
5.83
1.47
2.17
1.76
9.51
3.55
4.31
9.98
5.03
4.58
3.94
3.25
6.61
3.38
1.14
3.21
8.98
6.38
9.77
34.64
0.97
5.96
5.26
23.09
4.79
4.97
6.73
9.4
5.72
5.13
5.86
0.08
231.13
138.99
3.79
242.19
8.37
3.79
7.35
1.03
3.03
9.39
295.77
3.14
1.82
223.25
3.18
6.07
6.95
7.97
5.57
3.17
7.47
434.46
1.43
9.14
2.01
6.08
7.28
48.79
7.32
7.46
38.06
50.87
3.96
5.72
3.6
57.93
5.39
4.61
2.76
121.55
2.81
6.45
