0.0000017343125
0.0000018683724
0.0000017280087
0.0000015499219
0.0000014645294
0.0000015017036
0.0000014941025
0.0000013802846
0.0000012601463
0.0000013185771
0.0000013940233
0.0000014194880
0.0000013817150
0.0000013445908
0.0000012723381
0.0000012226229
0.0000011879270
0.0000011456133
0.0000010954489
0.0000010739428
0.0000010601376
0.0000010517880
0.0000010098901
0.0000009799179
0.0000009591935
0.0000009602414
0.0000009476171
0.0000009325645
0.0000009111582
0.0000009075156
0.0000009110085
0.0000009088296
0.0000008935774
0.0000008800716
0.0000008698591
0.0000008542077
0.0000008321527
0.0000008236533
0.0000008202935
0.0000008087837
0.0000007917351
0.0000007828698
0.0000007789778
0.0000007738383
0.0000007554258
0.0000007325891
0.0000007207299
0.0000007211790
0.0000007188837
0.0000007136444
0.0000006997061
0.0000006824580
0.0000006702329
0.0000006640954
0.0000006626817
0.0000006532010
0.0000006417577
0.0000006218316
0.0000006395289
0.0000006186548
0.0000006053153
0.0000005777050
0.0000005748275
0.0000005502942
0.0000005436744
0.0000005392834
0.0000005310169
0.0000004984832
0.0000005169290
0.0000005557331
0.0000005341771
0.0000005092114
0.0000005394663
0.0000005344599
0.0000004925454
0.0000004874391
0.0000004953397
0.0000005054524
0.0000005006122
0.0000004967701
0.0000004895515
0.0000004632717
0.0000004495331
0.0000004542235
0.0000004871064
0.0000004878882
0.0000005060678
0.0000005138186
0.0000004950070
0.0000005025915
0.0000005007786
0.0000004882707
0.0000004744323
0.0000004922959
0.0000004722201
0.0000004859588
0.0000004955891
0.0000005015104
0.0000005139018
0.0000005312830
0.0000005685237
0.0000006110869
0.0000007065588
0.0000008399700
0.0000009681253
0.0000011366150
0.0000014336424
0.0000018211021
0.0000022332448
0.0000027941674
0.0000034238829
0.0000040734912
0.0000046665815
0.0000051486316
0.0000053821054
0.0000052687366
0.0000048240437
0.0000040808263
0.0000032272507
0.0000023973767
0.0000017408159
0.0000012442953
0.0000009136697
0.0000007239899
0.0000006144301
0.0000005126876
0.0000004384723
0.0000004138060
0.0000003976722
0.0000003705775
0.0000003460941
0.0000003814386
0.0000003978884
0.0000003776796
0.0000003480068
0.0000003732553
0.0000003623775
0.0000003590842
0.0000003543938
0.0000003561735
0.0000003475079
0.0000003688976
0.0000003873266
0.0000003916511
0.0000003736878
0.0000003725900
0.0000003711430
0.0000003731389
0.0000003706440
0.0000003583191
0.0000003587017
0.0000003805904
0.0000003862788
0.0000003733718
0.0000003957095
0.0000004114940
0.0000004018138
0.0000003950609
0.0000004031277
0.0000004016474
0.0000004036766
0.0000004054563
0.0000003968905
0.0000004069200
0.0000004008158
0.0000003846321
0.0000003614960
0.0000003561735
0.0000003485058
0.0000003683986
0.0000003632092
0.0000003577703
0.0000003380937
0.0000003533958
0.0000003745194
0.0000003934475
0.0000003959091
0.0000003997846
0.0000004036267
0.0000004051569
0.0000004278274
0.0000004231536
0.0000004482524
0.0000004873726
0.0000005393665
0.0000005698211
0.0000006354539
0.0000007237571
0.0000008440950
0.0000009921929
0.0000011271177
0.0000012307895
0.0000012929128
0.0000012918982
0.0000012540088
0.0000012261157
0.0000012424657
0.0000012750659
0.0000013135042
0.0000013610821
0.0000014287441
